A=[127,127
127,127
127,127
127,127
127,127
127,127
127,127
127,127
127,128
127,128
127,128
126,129
126,129
126,129
125,129
125,129
124,129
124,128
123,128
123,128
123,127
123,126
122,126
122,125
122,124
123,124
123,123
123,122
124,122
125,121
126,121
127,121
127,120
128,120
129,121
130,121
131,122
132,122
133,123
134,124
134,125
134,126
134,127
135,128
134,129
134,130
134,131
134,132
133,133
132,134
131,135
130,135
129,136
128,136
127,136
126,136
125,137
124,137
123,136
122,136
121,136
120,135
119,134
118,134
117,133
116,132
116,131
115,130
115,129
115,128
115,127
115,126
114,125
114,124
115,123
115,122
115,121
115,120
116,119
116,118
117,117
118,117
119,116
120,115
121,115
122,114
123,114
124,113
125,113
126,113
127,113
128,113
129,112
130,112
131,113
132,113
133,113
134,114
135,115
136,115
137,116
138,117
139,118
139,119
140,120
140,121
141,122
141,123
142,124
142,125
142,126
142,127
142,128
143,129
143,130
142,131
142,132
142,133
141,134
141,135
140,136
140,137
139,138
139,139
138,139
137,140
136,141
135,141
134,142
133,142
132,143
131,143
130,144
129,144
128,144
127,144
126,144
125,144
124,144
123,144
122,144
121,144
120,144
119,143
118,143
117,143
116,142
115,142
114,141
113,140
112,139
111,138
110,137
110,136
109,135
109,134
108,133
108,132
107,131
107,130
107,129
107,128
107,127
107,126
107,125
107,124
107,123
107,122
107,121
107,120
107,119
108,118
108,117
109,116
109,115
110,114
111,113
112,112
113,111
113,110
114,109
115,108
116,108
117,107
118,107
119,106
120,106
121,106
122,105
123,105
124,105
125,105
126,105
127,105
128,105
129,105
130,105
131,105
132,105
133,105
134,105
135,105
136,106
137,106
138,107
139,107
140,108
141,109
142,109
143,110
144,111
144,112
145,113
146,114
146,115
147,116
148,117
148,118
149,119
149,120
149,121
150,122
150,123
150,124
150,125
150,126
150,127
150,128
150,129
150,130
150,131
150,132
150,133
150,134
150,135
149,136
149,137
148,138
148,139
147,140
147,141
146,142
145,143
144,144
143,145
142,146
141,147
140,148
139,148
138,149
137,149
136,150
135,150
134,151
133,151
132,152
131,152
130,152
129,152
128,152
127,152
126,152
125,152
124,152
123,152
122,152
121,152
120,152
119,152
118,152
117,152
116,151
115,151
114,150
113,149
112,149
111,148
110,148
109,147
108,147
107,146
106,145
106,144
105,143
104,142
103,141
103,140
102,139
102,138
101,137
101,136
100,135
100,134
100,133
99,132
99,131
99,130
99,129
99,128
99,127
99,126
99,125
99,124
99,123
99,122
99,121
99,120
99,119
99,118
99,117
100,116
100,115
101,114
101,113
102,112
102,111
103,110
104,109
104,108
105,107
106,106
107,105
108,104
109,103
110,102
111,102
112,101
113,100
114,100
115,99
116,99
117,98
118,98
119,98
120,97
121,97
122,97
123,97
124,97
125,97
126,97
127,97
128,97
129,97
130,97
131,97
132,97
133,97
134,98
135,98
136,98
137,98
138,98
139,99
140,99
141,100
142,100
143,101
144,101
145,102
146,103
147,104
148,105
149,106
150,106
151,107
152,108
152,109
153,110
153,111
154,112
155,113
155,114
156,115
156,116
157,117
157,118
157,119
158,120
158,121
158,122
158,123
158,124
158,125
158,126
158,127
158,128
158,129
158,130
158,131
158,132
158,133
158,134
157,135
157,136
157,137
157,138
157,139
156,140
156,141
155,142
155,143
154,144
154,145
153,146
152,147
152,148
151,149
150,150
149,151
148,151
147,152
146,153
145,154
144,154
143,155
142,156
141,156
140,157
139,157
138,158
137,158
136,158
135,159
134,159
133,160
132,160
131,160
130,160
129,160
128,160
127,160
126,160
125,160
124,160
123,160
122,160
121,160
120,160
119,160
118,159
117,159
116,159
115,159
114,158
113,158
112,157
111,157
110,157
109,156
108,156
107,155
106,155
105,154
104,153
103,152
102,151
101,150
100,149
99,148
98,147
97,146
97,145
96,144
95,143
95,142
94,141
94,140
93,139
93,138
93,137
92,136
92,135
92,134
91,133
91,132
91,131
91,130
91,129
91,128
91,127
91,126
91,125
91,124
91,123
91,122
91,121
91,120
91,119
91,118
92,117
92,116
92,115
92,114
93,113
93,112
94,111
94,110
95,109
95,108
96,107
96,106
97,105
98,104
98,103
99,102
99,101
100,100
101,99
102,98
103,98
104,97
105,96
106,95
107,95
108,94
109,94
110,93
111,93
112,92
113,92
114,91
115,91
116,91
117,90
118,90
119,90
120,89
121,89
122,89
123,89
124,89
125,89
126,89
127,89
128,89
129,89
130,89
131,89
132,89
133,89
134,89
135,89
136,90
137,90
138,90
139,90
140,91
141,91
142,91
143,92
144,92
145,93
146,93
147,94
148,94
149,95
150,96
151,97
152,97
153,98
154,99
155,100
156,101
157,102
158,103
159,104
159,105
160,106
161,107
161,108
162,109
162,110
163,111
163,112
164,113
164,114
164,115
165,116
165,117
165,118
166,119
166,120
166,121
166,122
166,123
166,124
166,125
166,126
166,127
166,128
166,129
166,130
166,131
166,132
166,133
166,134
166,135
166,136
165,137
165,138
165,139
165,140
164,141
164,142
164,143
163,144
163,145
162,146
162,147
161,148
161,149
160,150
159,151
158,152
157,153
156,154
155,155
154,156
153,157
153,158
152,159
151,160
150,160
149,161
148,161
147,162
146,162
145,163
144,163
143,164
142,164
141,165
140,165
139,166
138,166
137,167
136,167
135,167
134,168
133,168
132,168
131,168
130,168
129,168
128,168
127,168
126,168
125,168
124,168
123,168
122,168
121,168
120,168
119,168
118,168
117,168
116,167
115,167
114,167
113,167
112,167
111,166
110,166
109,165
108,165
107,164
106,164
105,163
104,163
103,162
102,162
101,161
100,160
99,159
98,159
97,158
96,157
95,156
94,155
94,154
93,153
92,152
91,151
91,150
90,149
89,148
89,147
88,146
88,145
87,144
87,143
86,142
86,141
85,140
85,139
84,138
84,137
84,136
84,135
83,134
83,133
83,132
83,131
83,130
83,129
83,128
83,127
83,126
83,125
83,124
83,123
83,122
83,121
83,120
83,119
83,118
83,117
84,116
84,115
84,114
84,113
84,112
85,111
85,110
86,109
86,108
87,107
87,106
87,105
88,104
88,103
89,102
89,101
90,100
91,99
92,98
93,97
94,96
95,95
96,94
97,93
98,92
99,91
100,90
101,89
102,89
103,88
104,87
105,87
106,86
107,86
108,85
109,85
110,84
111,84
112,83
113,83
114,82
115,82
116,82
117,82
118,81
119,81
120,81
121,81
122,81
123,81
124,81
125,81
126,81
127,81
128,81
129,81
130,81
131,81
132,81
133,81
134,81
135,81
136,81
137,81
138,82
139,82
140,82
141,82
142,82
143,83
144,83
145,84
146,84
147,85
148,85
149,86
150,86
151,87
152,88
153,88
154,89
155,90
156,90
157,91
158,92
159,92
160,93
161,94
162,95
162,96
163,97
164,98
165,99
166,100
166,101
167,102
168,103
168,104
169,105
169,106
170,107
170,108
171,109
171,110
172,111
172,112
172,113
173,114
173,115
173,116
173,117
174,118
174,119
174,120
174,121
174,122
174,123
174,124
174,125
174,126
174,127
174,128
174,129
174,130
174,131
174,132
174,133
174,134
174,135
174,136
174,137
173,138
173,139
173,140
173,141
173,142
172,143
172,144
172,145
171,146
171,147
170,148
170,149
169,150
169,151
168,152
167,153
167,154
166,155
165,156
164,157
164,158
163,159
162,160
161,161
160,162
159,163
158,163
157,164
156,165
155,166
154,167
153,168
152,168
151,169
150,170
149,171
148,171
147,172
146,172
145,173
144,173
143,174
142,174
141,174
140,174
139,175
138,175
137,175
136,175
135,176
134,176
133,176
132,176
131,176
130,176
129,176
128,176
127,176
126,176
125,176
124,176
123,176
122,176
121,176
120,176
119,176
118,176
117,176
116,175
115,175
114,175
113,175
112,174
111,174
110,174
109,173
108,173
107,173
106,173
105,172
104,172
103,171
102,171
101,170
100,170
99,169
98,169
97,168
96,167
95,167
94,166
93,165
92,164
91,164
90,163
89,162
88,161
88,160
87,159
86,158
85,157
84,156
84,155
83,154
83,153
82,152
82,151
81,150
81,149
80,148
80,147
79,146
79,145
78,144
78,143
77,142
77,141
76,140
76,139
76,138
76,137
75,136
75,135
75,134
75,133
75,132
75,131
75,130
75,129
75,128
75,127
75,126
75,125
75,124
75,123
75,122
75,121
75,120
75,119
75,118
75,117
75,116
76,115
76,114
76,113
76,112
77,111
77,110
77,109
78,108
78,107
79,106
79,105
80,104
80,103
80,102
81,101
81,100
82,99
82,98
83,97
83,96
84,95
85,94
86,93
86,92
87,91
88,90
89,89
90,88
91,87
92,86
93,85
94,84
95,83
96,82
97,82
98,81
99,81
100,80
101,80
102,79
103,79
104,78
105,78
106,78
107,77
108,77
109,76
110,76
111,76
112,75
113,75
114,75
115,74
116,74
117,73
118,73
119,73
120,73
121,73
122,73
123,73
124,73
