A=[127,127
127,127
127,127
127,127
127,127
127,127
127,128
126,128
126,127
126,127
126,127
126,127
125,127
125,126
126,126
126,126
126,126
126,126
126,125
127,125
127,125
127,126
127,126
127,126
128,126
128,126
128,127
127,127
127,127
127,127
127,128
127,128
126,128
126,127
126,127
126,127
125,127
125,127
125,126
125,126
126,126
126,126
126,125
126,125
127,125
127,125
127,126
127,126
128,126
128,126
128,127
128,127
128,127
127,127
127,127
127,128
127,128
126,128
126,128
126,127
126,127
125,127
125,127
125,126
125,126
126,126
126,126
126,125
126,125
127,125
127,125
127,125
127,126
128,126
128,126
128,126
128,127
128,127
127,127
127,128
127,128
127,128
126,128
126,128
126,127
125,127
125,127
125,127
125,126
125,126
125,126
126,126
126,125
126,125
127,125
127,125
127,125
127,126
128,126
128,126
128,126
128,127
128,127
127,127
127,128
127,128
127,128
126,128
126,128
126,128
125,127
125,127
125,127
125,126
125,126
125,126
126,125
126,125
126,125
127,125
127,125
127,125
128,126
128,126
128,126
128,126
128,127
128,127
128,127
127,128
127,128
127,128
126,128
126,128
126,128
125,127
125,127
125,127
125,126
125,126
125,126
126,125
126,125
126,125
127,125
127,125
127,125
128,125
128,126
128,126
128,126
128,127
128,127
128,128
127,128
127,128
127,128
126,128
126,128
126,128
125,127
125,127
125,127
125,126
125,126
125,126
125,125
126,125
126,125
127,125
127,125
127,125
128,125
128,126
128,126
128,126
128,127
128,127
128,128
127,128
127,128
127,128
126,128
126,128
125,128
125,127
125,127
125,127
125,126
125,126
125,126
125,125
126,125
126,125
127,125
127,125
127,125
128,125
128,126
128,126
128,126
128,127
128,127
128,128
127,128
127,128
127,128
126,128
126,128
125,128
125,128
125,127
125,127
125,126
125,126
125,125
125,125
126,125
126,125
127,125
127,125
127,125
128,125
128,126
128,126
128,126
128,127
128,127
128,128
128,128
127,128
127,128
126,128
126,128
125,128
125,128
125,127
125,127
125,126
125,126
125,125
125,125
126,125
126,125
127,125
127,125
128,125
128,125
128,126
128,126
128,126
128,127
128,127
128,128
128,128
127,128
127,129
126,129
126,128
125,128
125,128
125,127
124,127
124,126
125,126
125,125
125,125
126,125
126,124
127,124
127,124
128,125
128,125
128,125
129,126
129,126
129,127
128,128
128,128
128,128
127,129
127,129
126,129
126,128
125,128
125,128
124,127
124,127
124,126
124,126
125,125
125,125
126,124
126,124
127,124
127,124
128,125
128,125
129,125
129,126
129,126
129,127
129,128
128,128
128,128
127,129
127,129
126,129
126,129
125,128
125,128
124,127
124,127
124,126
124,126
125,125
125,125
125,124
126,124
127,124
127,124
128,124
128,125
129,125
129,126
129,126
129,127
129,128
128,128
128,129
127,129
127,129
126,129
125,129
125,128
124,128
124,127
124,127
124,126
124,126
124,125
125,125
125,124
126,124
127,124
127,124
128,124
128,125
129,125
129,126
129,126
129,127
129,128
128,128
128,129
127,129
127,129
126,129
125,129
125,129
124,128
124,128
124,127
124,126
124,125
124,125
125,124
125,124
126,124
127,124
127,124
128,124
129,125
129,125
129,126
129,126
129,127
129,128
129,128
128,129
127,129
127,129
126,129
125,129
125,129
124,128
124,128
124,127
124,126
124,125
124,125
125,124
125,124
126,124
127,124
127,124
128,124
129,124
129,125
129,126
130,126
129,127
129,128
129,129
128,129
127,129
127,130
126,130
125,129
125,129
124,128
124,128
123,127
123,126
124,125
124,125
124,124
125,124
126,123
127,123
127,123
128,124
129,124
129,125
130,126
130,126
130,127
129,128
129,129
128,129
128,130
127,130
126,130
125,130
124,129
124,128
123,128
123,127
123,126
123,125
124,125
124,124
125,123
126,123
127,123
128,123
128,124
129,124
130,125
130,126
130,126
130,127
130,128
129,129
128,129
128,130
127,130
126,130
125,130
124,129
124,129
123,128
123,127
123,126
123,125
124,124
124,124
125,123
126,123
127,123
128,123
128,123
129,124
130,125
130,126
130,126
130,127
130,128
129,129
129,130
128,130
127,130
126,130
125,130
124,129
123,129
123,128
123,127
123,126
123,125
123,124
124,123
125,123
126,123
127,123
128,123
129,123
129,124
130,125
130,126
130,126
130,127
130,128
129,129
129,130
128,130
127,131
126,131
125,130
124,130
123,129
123,128
122,127
122,126
123,125
123,124
124,123
125,123
126,122
127,122
128,122
129,123
130,124
130,124
131,125
131,126
131,127
131,128
130,129
130,129
129,130
128,131
127,131
126,131
125,130
124,130
123,129
122,128
122,127
122,126
122,125
123,124
124,123
125,122
126,122
127,122
128,122
129,123
130,123
130,124
131,125
131,126
131,127
131,128
131,129
130,130
129,130
128,131
127,131
126,131
125,131
124,130
123,129
122,128
122,127
122,126
122,125
123,124
123,123
124,122
125,122
126,122
127,122
128,122
129,122
130,123
131,124
131,125
131,126
131,127
131,128
131,129
130,130
129,131
128,131
127,131
126,131
125,131
124,131
123,130
122,129
122,128
121,127
121,126
122,125
122,124
122,123
123,123
124,122
125,122
126,121
127,121
128,122
129,122
130,123
131,124
132,125
132,126
132,127
132,128
131,129
130,130
129,131
128,132
127,132
126,132
125,132
124,131
123,131
122,130
121,129
121,128
121,127
121,126
121,125
121,124
122,123
123,122
124,121
125,121
126,121
127,121
128,121
129,122
130,122
131,123
131,124
132,125
132,126
132,127
132,128
131,129
131,130
130,131
129,131
128,132
127,132
126,132
125,132
124,132
123,131
122,130
121,129
121,128
121,127
121,126
121,125
121,124
122,123
123,122
124,121
125,121
126,121
127,121
128,121
129,121
130,121
131,122
131,123
132,124
132,125
133,126
133,127
132,128
132,129
132,130
131,131
130,132
129,132
128,132
127,133
126,133
125,133
124,132
123,131
122,131
121,130
121,129
121,128
120,127
120,126
120,125
121,124
121,123
122,122
123,122
124,121
125,120
126,120
127,120
128,120
129,120
130,121
131,122
132,123
132,124
133,125
133,126
133,127
133,128
133,129
132,130
131,131
130,132
129,133
128,133
127,133
126,133
125,133
124,133
123,133
122,132
122,131
121,130
120,129
120,128
120,127
120,126
120,125
120,124
121,123
121,122
122,121
123,121
124,120
125,120
126,120
127,120
128,120
129,120
130,121
131,121
132,122
133,123
133,124
133,125
133,126
133,127
133,128
133,129
133,130
132,131
131,131
130,132
129,133
128,133
127,134
126,134
125,133
124,133
123,133
122,132
121,131
121,130
120,129
120,128
119,127
119,126
119,125
120,124
120,123
121,122
122,121
123,120
124,120
125,119
126,119
127,119
128,119
129,120
130,120
131,120
132,121
132,122
133,123
133,124
134,125
134,126
134,127
134,128
134,129
133,130
133,131
132,132
131,133
130,133
129,134
128,134
127,134
126,134
125,134
124,134
123,133
122,132
121,132
120,131
120,130
119,129
119,128
119,127
119,126
119,125
119,124
119,123
120,122
121,121
122,120
123,119
124,119
125,119
126,119
127,119
128,119
129,119
130,119
131,120
132,121
132,122
133,123
133,124
134,125
134,126
134,127
134,128
134,129
134,130
133,131
132,132
131,133
130,133
129,134
128,134
127,135
126,135
125,135
124,135
123,134
122,134
121,133
121,132
120,131
119,130
119,129
118,128
118,127
118,126
118,125
118,124
119,123
120,122
120,121
121,120
122,120
123,119
124,119
125,118
126,118
127,118
128,118
129,118
130,118
131,119
132,120
133,121
134,122
134,123
135,124
135,125
135,126
135,127
135,128
135,129
135,130
134,131
133,132
132,133
131,134
130,134
129,135
128,135
127,135
126,135
125,135
124,135
123,134
122,134
121,133
120,133
119,132
119,131
118,130
118,129
118,128
118,127
118,126
118,125
118,124
118,123
118,122
119,121
120,121
121,120
122,119
123,118
124,118
125,118
126,118
127,117
128,117
129,118
130,118
131,119
132,119
133,120
133,121
134,122
134,123
135,124
135,125
136,126
136,127
135,128
135,129
135,130
135,131
134,132
133,133
132,133
131,134
130,134
129,135
128,135
127,136
126,136
125,136
124,136
123,135
122,135
121,134
120,133
119,132
119,131
118,130
118,129
117,128
117,127
117,126
117,125
117,124
118,123
118,122
119,121
119,120
120,119
121,119
122,118
123,118
124,117
125,117
126,117
127,117
128,117
129,117
130,117
131,118
132,118
133,119
134,120
134,121
135,122
135,123
136,124
136,125
136,126
136,127
136,128
136,129
136,130
135,131
135,132
134,133
133,134
132,135
131,135
130,136
129,136
128,136
127,136
126,136
