A=[100,100
100,100
100,100
100,100
100,100
100,100
100,100
100,100
100,101
100,101
100,101
99,102
99,102
99,102
98,102
98,102
97,102
97,101
96,101
96,101
96,100
96,99
95,99
95,98
95,97
96,97
96,96
96,95
97,95
98,94
99,94
100,94
100,93
101,93
102,94
103,94
104,95
105,95
106,96
107,97
107,98
107,99
107,100
108,101
107,102
107,103
107,104
107,105
106,106
105,107
104,108
103,108
102,109
101,109
100,109
99,109
98,110
97,110
96,109
95,109
94,109
93,108
92,107
91,107
90,106
89,105
89,104
88,103
88,102
88,101
88,100
88,99
87,98
87,97
88,96
88,95
88,94
88,93
89,92
89,91
90,90
91,90
92,89
93,88
94,88
95,87
96,87
97,86
98,86
99,86
100,86
101,86
102,85
103,85
104,86
105,86
106,86
107,87
108,88
109,88
110,89
111,90
112,91
112,92
113,93
113,94
114,95
114,96
115,97
115,98
115,99
115,100
115,101
116,102
116,103
115,104
115,105
115,106
114,107
114,108
113,109
113,110
112,111
112,112
111,112
110,113
109,114
108,114
107,115
106,115
105,116
104,116
103,117
102,117
101,117
100,117
99,117
98,117
97,117
96,117
95,117
94,117
93,117
92,116
91,116
90,116
89,115
88,115
87,114
86,113
85,112
84,111
83,110
83,109
82,108
82,107
81,106
81,105
80,104
80,103
80,102
80,101
80,100
80,99
80,98
80,97
80,96
80,95
80,94
80,93
80,92
81,91
81,90
82,89
82,88
83,87
84,86
85,85
86,84
86,83
87,82
88,81
89,81
90,80
91,80
92,79
93,79
94,79
95,78
96,78
97,78
98,78
99,78
100,78
101,78
102,78
103,78
104,78
105,78
106,78
107,78
108,78
109,79
110,79
111,80
112,80
113,81
114,82
115,82
116,83
117,84
117,85
118,86
119,87
119,88
120,89
121,90
121,91
122,92
122,93
122,94
123,95
123,96
123,97
123,98
123,99
123,100
123,101
123,102
123,103
123,104
123,105
123,106
123,107
123,108
122,109
122,110
121,111
121,112
120,113
120,114
119,115
118,116
117,117
116,118
115,119
114,120
113,121
112,121
111,122
110,122
109,123
108,123
107,124
106,124
105,125
104,125
103,125
102,125
101,125
100,125
99,125
98,125
97,125
96,125
95,125
94,125
93,125
92,125
91,125
90,125
89,124
88,124
87,123
86,122
85,122
84,121
83,121
82,120
81,120
80,119
79,118
79,117
78,116
77,115
76,114
76,113
75,112
75,111
74,110
74,109
73,108
73,107
73,106
72,105
72,104
72,103
72,102
72,101
72,100
72,99
72,98
72,97
72,96
72,95
72,94
72,93
72,92
72,91
72,90
73,89
73,88
74,87
74,86
75,85
75,84
76,83
77,82
77,81
78,80
79,79
80,78
81,77
82,76
83,75
84,75
85,74
86,73
87,73
88,72
89,72
90,71
91,71
92,71
93,70
94,70
95,70
96,70
97,70
98,70
99,70
100,70
101,70
102,70
103,70
104,70
105,70
106,70
107,71
108,71
109,71
110,71
111,71
112,72
113,72
114,73
115,73
116,74
117,74
118,75
119,76
120,77
121,78
122,79
123,79
124,80
125,81
125,82
126,83
126,84
127,85
128,86
128,87
129,88
129,89
130,90
130,91
130,92
131,93
131,94
131,95
131,96
131,97
131,98
131,99
131,100
131,101
131,102
131,103
131,104
131,105
131,106
131,107
130,108
130,109
130,110
130,111
130,112
129,113
129,114
128,115
128,116
127,117
127,118
126,119
125,120
125,121
124,122
123,123
122,124
121,124
120,125
119,126
118,127
117,127
116,128
115,129
114,129
113,130
112,130
111,131
110,131
109,131
108,132
107,132
106,133
105,133
104,133
103,133
102,133
101,133
100,133
99,133
98,133
97,133
96,133
95,133
94,133
93,133
92,133
91,132
90,132
89,132
88,132
87,131
86,131
85,130
84,130
83,130
82,129
81,129
80,128
79,128
78,127
77,126
76,125
75,124
74,123
73,122
72,121
71,120
70,119
70,118
69,117
68,116
68,115
67,114
67,113
66,112
66,111
66,110
65,109
65,108
65,107
64,106
64,105
64,104
64,103
64,102
64,101
64,100
64,99
64,98
64,97
64,96
64,95
64,94
64,93
64,92
64,91
65,90
65,89
65,88
65,87
66,86
66,85
67,84
67,83
68,82
68,81
69,80
69,79
70,78
71,77
71,76
72,75
72,74
73,73
74,72
75,71
76,71
77,70
78,69
79,68
80,68
81,67
82,67
83,66
84,66
85,65
86,65
87,64
88,64
89,64
90,63
91,63
92,63
93,62
94,62
95,62
96,62
97,62
98,62
99,62
100,62
101,62
102,62
103,62
104,62
105,62
106,62
107,62
108,62
109,63
110,63
111,63
112,63
113,64
114,64
115,64
116,65
117,65
118,66
119,66
120,67
121,67
122,68
123,69
124,70
125,70
126,71
127,72
128,73
129,74
130,75
131,76
132,77
132,78
133,79
134,80
134,81
135,82
135,83
136,84
136,85
137,86
137,87
137,88
138,89
138,90
138,91
139,92
139,93
139,94
139,95
139,96
139,97
139,98
139,99
139,100
139,101
139,102
139,103
139,104
139,105
139,106
139,107
139,108
139,109
138,110
138,111
138,112
138,113
137,114
137,115
137,116
136,117
136,118
135,119
135,120
134,121
134,122
133,123
132,124
131,125
130,126
129,127
128,128
127,129
126,130
126,131
125,132
124,133
123,133
122,134
121,134
120,135
119,135
118,136
117,136
116,137
115,137
114,138
113,138
112,139
111,139
110,140
109,140
108,140
107,141
106,141
105,141
104,141
103,141
102,141
101,141
100,141
99,141
98,141
97,141
96,141
95,141
94,141
93,141
92,141
91,141
90,141
89,140
88,140
87,140
86,140
85,140
84,139
83,139
82,138
81,138
80,137
79,137
78,136
77,136
76,135
75,135
74,134
73,133
72,132
71,132
70,131
69,130
68,129
67,128
67,127
66,126
65,125
64,124
64,123
63,122
62,121
62,120
61,119
61,118
60,117
60,116
59,115
59,114
58,113
58,112
57,111
57,110
57,109
57,108
56,107
56,106
56,105
56,104
56,103
56,102
56,101
56,100
56,99
56,98
56,97
56,96
56,95
56,94
56,93
56,92
56,91
56,90
57,89
57,88
57,87
57,86
57,85
58,84
58,83
59,82
59,81
60,80
60,79
60,78
61,77
61,76
62,75
62,74
63,73
64,72
65,71
66,70
67,69
68,68
69,67
70,66
71,65
72,64
73,63
74,62
75,62
76,61
77,60
78,60
79,59
80,59
81,58
82,58
83,57
84,57
85,56
86,56
87,55
88,55
89,55
90,55
91,54
92,54
93,54
94,54
95,54
96,54
97,54
98,54
99,54
100,54
101,54
102,54
103,54
104,54
105,54
106,54
107,54
108,54
109,54
110,54
111,55
112,55
113,55
114,55
115,55
116,56
117,56
118,57
119,57
120,58
121,58
122,59
123,59
124,60
125,61
126,61
127,62
128,63
129,63
130,64
131,65
132,65
133,66
134,67
135,68
135,69
136,70
137,71
138,72
139,73
139,74
140,75
141,76
141,77
142,78
142,79
143,80
143,81
144,82
144,83
145,84
145,85
145,86
146,87
146,88
146,89
146,90
147,91
147,92
147,93
147,94
147,95
147,96
147,97
147,98
147,99
147,100
147,101
147,102
147,103
147,104
147,105
147,106
147,107
147,108
147,109
147,110
146,111
146,112
146,113
146,114
146,115
145,116
145,117
145,118
144,119
144,120
143,121
143,122
142,123
142,124
141,125
140,126
140,127
139,128
138,129
137,130
137,131
136,132
135,133
134,134
133,135
132,136
131,136
130,137
129,138
128,139
127,140
126,141
125,141
124,142
123,143
122,144
121,144
120,145
119,145
118,146
117,146
116,147
115,147
114,147
113,147
112,148
111,148
110,148
109,148
108,149
107,149
106,149
105,149
104,149
103,149
102,149
101,149
100,149
99,149
98,149
97,149
96,149
95,149
94,149
93,149
92,149
91,149
90,149
89,148
88,148
87,148
86,148
85,147
84,147
83,147
82,146
81,146
80,146
79,146
78,145
77,145
76,144
75,144
74,143
73,143
72,142
71,142
70,141
69,140
68,140
67,139
66,138
65,137
64,137
63,136
62,135
61,134
61,133
60,132
59,131
58,130
57,129
57,128
56,127
56,126
55,125
55,124
54,123
54,122
53,121
53,120
52,119
52,118
51,117
51,116
50,115
50,114
49,113
49,112
49,111
49,110
48,109
48,108
48,107
48,106
48,105
48,104
48,103
48,102
48,101
48,100
48,99
48,98
48,97
48,96
48,95
48,94
48,93
48,92
48,91
48,90
48,89
49,88
49,87
49,86
49,85
50,84
50,83
50,82
51,81
51,80
52,79
52,78
53,77
53,76
53,75
54,74
54,73
55,72
55,71
56,70
56,69
57,68
58,67
59,66
59,65
60,64
61,63
62,62
63,61
64,60
65,59
66,58
67,57
68,56
69,55
70,55
71,54
72,54
73,53
74,53
75,52
76,52
77,51
78,51
79,51
80,50
81,50
82,49
83,49
84,49
85,48
86,48
87,48
88,47
89,47
90,46
91,46
92,46
93,46
94,46
95,46
96,46
97,46
98,46
99,46
100,46
101,46
102,46
103,46
104,46
105,46
106,46
107,46
108,46
109,46
110,46
111,47
112,47
113,47
114,47
115,48
116,48
117,48
118,49
119,49
120,49
121,50
122,50
123,51
124,51
125,51
126,52
127,52
128,53
129,53
130,54
131,54
132,55
133,56
134,57
135,58
136,59
137,60
138,61
139,62
140,63
141,64
142,65
143,66
144,67
145,68
145,69
146,70
147,71
148,72
148,73
149,74
149,75
150,76
150,77
150,78
151,79
151,80
152,81
152,82
152,83
153,84
153,85
153,86
154,87
154,88
154,89
155,90
155,91
155,92
155,93
155,94
155,95
155,96
155,97
155,98
155,99
155,100
155,101
155,102
155,103
155,104
155,105
155,106
155,107
155,108
155,109
155,110
154,111
154,112
