good =

    68

Average accuracy: 0.702299 
Average auc: 0.660394 
Average precision: 0.760904 
Average recall: 0.585057 
Std of accuracy: 0.070106 
Variance of accuracy: 0.004915 
Median of accuracy: 0.706897 
Max accuracy: 0.844828 
Min accuracy: 0.517241