good =

    16

Average accuracy: 0.642385 
Average auc: 0.633512 
Average precision: 0.597698 
Average recall: 0.906034 
Std of accuracy: 0.053388 
Variance of accuracy: 0.002850 
Median of accuracy: 0.637931 
Max accuracy: 0.775862 
Min accuracy: 0.534483